0.000000000000000000e+00 -3.394170785991478478e+00 -3.022893590684875509e+00 -1.204172104834594637e-01 2.561643423936520447e-01
5.000000000000000278e-02 -3.264525805692586768e+00 -3.142692943451806720e+00 -6.707297827893947406e-02 2.228052059718273747e-01
1.000000000000000056e-01 -3.269408703877210609e+00 -3.130077530368581940e+00 -7.218090072107125055e-02 2.230483226583647727e-01
1.499999999999999944e-01 -3.296784918927506691e+00 -3.098925260399452597e+00 -8.641610504078650612e-02 2.282142060412761242e-01
2.000000000000000111e-01 -3.325195503085155213e+00 -3.068228649098720950e+00 -1.018660222236603269e-01 2.333302318932015951e-01
2.500000000000000000e-01 -3.353241317750813799e+00 -3.036361671606102153e+00 -1.172889258705406695e-01 2.389955380379917282e-01
5.000000000000000000e-01 -3.497817479591501577e+00 -2.872597932776540297e+00 -2.045912040945079835e-01 2.680738035116604912e-01
7.500000000000000000e-01 -3.639601216282375873e+00 -2.695789769300070304e+00 -3.024497480712418085e-01 3.002475535390008443e-01
8.000000000000000444e-01 -3.667436130245647519e+00 -2.660083784950461272e+00 -3.237576609520354531e-01 3.072298745459042246e-01
8.499999999999999778e-01 -3.694759155304200959e+00 -2.623758474959650755e+00 -3.453294666417930925e-01 3.141343923727523690e-01
9.000000000000000222e-01 -3.721398709608920718e+00 -2.587055763631017413e+00 -3.672841989678558572e-01 3.213381318457397273e-01
9.499999999999999556e-01 -3.747914374295697737e+00 -2.550298801978572172e+00 -3.898810118546862102e-01 3.283156070148139927e-01
1.000000000000000000e+00 -3.773541770450353106e+00 -2.513039349207638828e+00 -4.127824219908606818e-01 3.354676199010659388e-01
