0.000000000000000000e+00 -3.455597424158766362e+00 -2.262303132907329761e+00 -2.500213941492096525e-01 5.445078284755590081e-01
5.000000000000000278e-02 -3.476924824919080947e+00 -2.232535082666172066e+00 -2.724623154808361036e-01 5.465527000179124517e-01
1.000000000000000056e-01 -3.497246595564870386e+00 -2.203241891978785283e+00 -2.949618802722411837e-01 5.485215555189559833e-01
1.499999999999999944e-01 -3.516556572526123858e+00 -2.174451883156816479e+00 -3.175158503008624900e-01 5.504084358531742271e-01
2.000000000000000111e-01 -3.534831011458692718e+00 -2.146229047501136300e+00 -3.400814875895218359e-01 5.522087424694968050e-01
2.500000000000000000e-01 -3.552067801086932430e+00 -2.118592304367661772e+00 -3.626246728862701496e-01 5.539374870120353789e-01
5.000000000000000000e-01 -3.623071759878212728e+00 -1.990913079308381795e+00 -4.740959266337063105e-01 5.614267422082370729e-01
7.500000000000000000e-01 -3.671608745167147969e+00 -1.884308261439924248e+00 -5.802646106002926629e-01 5.671271399061080798e-01
8.000000000000000444e-01 -3.679098474519719275e+00 -1.865898214091372020e+00 -6.004107124648296878e-01 5.681171578853827508e-01
8.499999999999999778e-01 -3.685963765262338931e+00 -1.848504018584338437e+00 -6.201002166381014424e-01 5.690288687635765008e-01
9.000000000000000222e-01 -3.692251520499938877e+00 -1.832148279108063438e+00 -6.392951555770124417e-01 5.698727706125642500e-01
9.499999999999999556e-01 -3.698028860798786344e+00 -1.816854913993413145e+00 -6.579616248492931030e-01 5.706532037984833883e-01
1.000000000000000000e+00 -3.703322002289737291e+00 -1.802611495009058151e+00 -6.760631730542345785e-01 5.713665943755160681e-01
