0.000000000000000000e+00 -3.269996732636761827e+00 -1.243487978352575185e+00 -5.287587479545124806e-03 5.886252451302583788e-01
5.000000000000000278e-02 -3.288398680317870859e+00 -1.231715546602825118e+00 -1.859873085113549623e-02 5.905473843880202356e-01
1.000000000000000056e-01 -3.305857851860532826e+00 -1.220766830436169181e+00 -3.160792228683691890e-02 5.923950070628812847e-01
1.499999999999999944e-01 -3.322348590997142193e+00 -1.210633230819543549e+00 -4.426392118195778685e-02 5.941781835997349548e-01
2.000000000000000111e-01 -3.337944875506816622e+00 -1.201336233467537706e+00 -5.659326028284118043e-02 5.959002951073435472e-01
2.500000000000000000e-01 -3.352622018299983075e+00 -1.192859932822352365e+00 -6.856874032336204849e-02 5.975406979543788077e-01
5.000000000000000000e-01 -3.413657818270873001e+00 -1.162433707138954997e+00 -1.228182556126205943e-01 6.047969579935038587e-01
7.500000000000000000e-01 -3.458560717020390918e+00 -1.148828648556975418e+00 -1.680667500644881796e-01 6.059461715207271615e-01
8.000000000000000444e-01 -3.466165889883226381e+00 -1.147505776195547611e+00 -1.761999152059256502e-01 6.059315267291889295e-01
8.499999999999999778e-01 -3.473839584204795106e+00 -1.146733759857465174e+00 -1.842469982602308876e-01 6.060792642953153342e-01
9.000000000000000222e-01 -3.480976780793194170e+00 -1.146126469432128259e+00 -1.920577320087481776e-01 6.061024180766855229e-01
9.499999999999999556e-01 -3.487836219104011981e+00 -1.145725202981024982e+00 -1.996950074425940802e-01 6.061467289046778006e-01
1.000000000000000000e+00 -3.494469413321997120e+00 -1.145480834692520267e+00 -2.071877888773499543e-01 6.061881416188567018e-01
