0.000000000000000000e+00 -3.047471597210416494e+00 -3.046758381039866848e+00 3.059458528736722083e-01 4.841232796181371700e-01
5.000000000000000278e-02 -3.057411574111442931e+00 -3.012250692801410334e+00 2.821674953902901795e-01 4.906930339327316704e-01
1.000000000000000056e-01 -3.032005651135599500e+00 -3.026140044848804056e+00 2.836214563630282126e-01 4.931759102788762505e-01
1.499999999999999944e-01 -3.057632667198569187e+00 -2.996785524334356410e+00 2.848800244610231736e-01 4.914120048559831311e-01
2.000000000000000111e-01 -3.084698750201214423e+00 -2.965295066285470238e+00 2.874977378039349496e-01 4.916518057111279316e-01
2.500000000000000000e-01 -3.111938443768950791e+00 -2.932379436085251534e+00 2.905146716437079224e-01 4.923473350181816199e-01
5.000000000000000000e-01 -3.253704954781491132e+00 -2.763294083371067078e+00 3.098708938853434458e-01 4.857428906833639592e-01
7.500000000000000000e-01 -3.398099050055403580e+00 -2.579436337269559232e+00 3.351859335906957615e-01 4.605235039384660833e-01
8.000000000000000444e-01 -3.427225435764943651e+00 -2.540967160287750382e+00 3.407268706859032381e-01 4.528493239949503701e-01
8.499999999999999778e-01 -3.456074901272450983e+00 -2.501901840234223240e+00 3.466235240101779302e-01 4.439057547191130881e-01
9.000000000000000222e-01 -3.484559593116403509e+00 -2.462453248248814397e+00 3.523731254610107388e-01 4.341178145673446065e-01
9.499999999999999556e-01 -3.513175284422930478e+00 -2.422417319113966183e+00 3.586871474741875621e-01 4.227782785572778979e-01
1.000000000000000000e+00 -3.541199980231024558e+00 -2.381569008916946562e+00 3.651901957809911559e-01 4.104862784819169885e-01
