# 143
0.000000000000000000e+00 3.636046339681141590e-16
5.000000000000000278e-02 6.056415859803892902e-03
1.000000000000000056e-01 1.244451477680487937e-02
1.499999999999999944e-01 1.918527689022309426e-02
2.000000000000000111e-01 2.628861973669247704e-02
2.500000000000000000e-01 3.377270063506694620e-02
5.000000000000000000e-01 7.744130825152552300e-02
7.500000000000000000e-01 1.327131304475126505e-01
8.000000000000000444e-01 1.452244029570248229e-01
8.499999999999999778e-01 1.582158301561873148e-01
9.000000000000000222e-01 1.716776708197199075e-01
9.499999999999999556e-01 1.855832221336755350e-01
1.000000000000000000e+00 1.999183765028193227e-01

