0.000000000000000000e+00 0.000000000000000000e+00
3.315225940832233764e-02 1.260431277842144482e-03
6.630451881664467528e-02 5.284994884277693927e-03
9.945677822496701292e-02 1.206579951394814998e-02
1.326090376332893506e-01 2.159264089823409449e-02
1.657612970416116882e-01 3.385368208728323225e-02
3.315225940832233764e-01 1.355758197405521059e-01
4.972838911248350646e-01 3.023456809569324832e-01
5.304361505331574023e-01 3.432076548397162696e-01
5.635884099414797399e-01 3.865183811140013859e-01
5.967406693498020775e-01 4.322622132349351887e-01
6.298929287581244152e-01 4.804220080332015641e-01
6.630451881664467528e-01 5.309932756263151532e-01
