0.000000000000000000e+00 -3.394166225345351062e+00 -3.022897689324726134e+00 -1.204151671259039574e-01 2.561632632971590495e-01
5.000000000000000278e-02 -3.272948471615401367e+00 -3.141718777707920740e+00 -8.044077191266021942e-02 2.307269548481605814e-01
1.000000000000000056e-01 -3.269408671569963065e+00 -3.130077670000048773e+00 -7.218085658114246905e-02 2.230483392093339234e-01
1.499999999999999944e-01 -3.296784904019625095e+00 -3.098925317398302237e+00 -8.641611122312826965e-02 2.282141903245837045e-01
2.000000000000000111e-01 -3.325195499792861220e+00 -3.068228687259034526e+00 -1.018660230537525718e-01 2.333302636413413234e-01
2.500000000000000000e-01 -3.353241322984548134e+00 -3.036361664055209797e+00 -1.172889237669982876e-01 2.389955596157915807e-01
5.000000000000000000e-01 -3.497817485713529351e+00 -2.872597940673330186e+00 -2.045912017711998543e-01 2.680738113359411035e-01
7.500000000000000000e-01 -3.639601192398000062e+00 -2.695789753737992900e+00 -3.024497480282753448e-01 3.002475192965540218e-01
8.000000000000000444e-01 -3.667436123711276696e+00 -2.660083735657944093e+00 -3.237576581792978025e-01 3.072298489213645678e-01
8.499999999999999778e-01 -3.694759158223690942e+00 -2.623758404802764677e+00 -3.453294754565849334e-01 3.141344038523428139e-01
9.000000000000000222e-01 -3.721398702038291706e+00 -2.587055770817122902e+00 -3.672842143298251649e-01 3.213381492750528867e-01
9.499999999999999556e-01 -3.747914369954826075e+00 -2.550298813718954616e+00 -3.898809976911706277e-01 3.283156273206105924e-01
1.000000000000000000e+00 -3.773541770450345556e+00 -2.513039349207659257e+00 -4.127824219908552972e-01 3.354676199010596660e-01
