0.000000000000000000e+00 -3.455664398985907937e+00 -2.262229329234867414e+00 -2.500765719330596548e-01 5.446711406538825573e-01
5.000000000000000278e-02 -3.476994610116623807e+00 -2.232456821432745375e+00 -2.725168766178175939e-01 5.467228065232992984e-01
1.000000000000000056e-01 -3.497320530974837194e+00 -2.203183216900142849e+00 -2.950094029072987123e-01 5.486928816668399378e-01
1.499999999999999944e-01 -3.516592951708384707e+00 -2.174428508187117970e+00 -3.175119920815458463e-01 5.505652620924693652e-01
2.000000000000000111e-01 -3.534858353943341136e+00 -2.146225939693838569e+00 -3.400649537210284623e-01 5.523653335028819722e-01
2.500000000000000000e-01 -3.552071759172436671e+00 -2.118592260831602125e+00 -3.625733299025151180e-01 5.540809611851597039e-01
5.000000000000000000e-01 -3.622994721437652110e+00 -1.990804430347580478e+00 -4.739481779606655176e-01 5.615937912217033867e-01
7.500000000000000000e-01 -3.671277945681912680e+00 -1.884052277064462322e+00 -5.799494811065570854e-01 5.674070286919967732e-01
8.000000000000000444e-01 -3.678671181647906963e+00 -1.865522319290137565e+00 -6.000668889408869999e-01 5.683764932713952778e-01
8.499999999999999778e-01 -3.685814638415066735e+00 -1.848434133014652536e+00 -6.198926611021823296e-01 5.691108583716256719e-01
9.000000000000000222e-01 -3.692156979282275042e+00 -1.832112541840198894e+00 -6.391175411625349412e-01 5.699585812536329676e-01
9.499999999999999556e-01 -3.697951447152644455e+00 -1.816830518608972600e+00 -6.577929841349452467e-01 5.707317533018329003e-01
1.000000000000000000e+00 -3.703239422879350151e+00 -1.802574312354141561e+00 -6.758885498824189764e-01 5.714485808658053001e-01
