# 143
0.000000000000000000e+00 5.362486794596124593e-16
5.000000000000000278e-02 6.058179881830804032e-03
1.000000000000000056e-01 1.244212879938959640e-02
1.499999999999999944e-01 1.916776108932761666e-02
2.000000000000000111e-01 2.626494091616135909e-02
2.500000000000000000e-01 3.374047726041265460e-02
5.000000000000000000e-01 7.740321923852555575e-02
7.500000000000000000e-01 1.326573355373641683e-01
8.000000000000000444e-01 1.452108861005901030e-01
8.499999999999999778e-01 1.581102718421679432e-01
9.000000000000000222e-01 1.715610786518660946e-01
9.499999999999999556e-01 1.854577448201297774e-01
1.000000000000000000e+00 1.997894755271142908e-01

