0.000000000000000000e+00 2.616436893961186172e+00
3.315225940832233764e-02 2.544415028889893904e+00
6.630451881664467528e-02 2.492190261584660504e+00
9.945677822496701292e-02 2.445176338142523775e+00
1.326090376332893506e-01 2.400588309530981235e+00
1.657612970416116882e-01 2.358455972213455709e+00
3.315225940832233764e-01 2.185932263979744050e+00
4.972838911248350646e-01 2.079183775639144471e+00
5.304361505331574023e-01 2.066051698068299913e+00
5.635884099414797399e-01 2.055753822135052644e+00
5.967406693498020775e-01 2.048341849466346787e+00
6.298929287581244152e-01 2.043872651857277845e+00
6.630451881664467528e-01 2.042410040000000038e+00
