0.000000000000000000e+00 5.477171308433753660e-01
2.317159252836206718e-02 5.333863918334827980e-01
4.634318505672413435e-02 5.197983875335921988e-01
6.951477758508618765e-02 5.069302603791584483e-01
9.268637011344826870e-02 4.947926228145661520e-01
1.158579626418103220e-01 4.833847945523302991e-01
2.317159252836206440e-01 4.372849014765961551e-01
3.475738879254309799e-01 4.094564999599242805e-01
3.707454804537930748e-01 4.060923566306883226e-01
3.939170729821550587e-01 4.034640091071196588e-01
4.170886655105171537e-01 4.015722737334727066e-01
4.402602580388791931e-01 4.004176947350061022e-01
4.634318505672412880e-01 4.000000000000000222e-01
