0.000000000000000000e+00 -3.047469745115661155e+00 -3.046759588143754360e+00 3.059451083421015904e-01 4.841235408892640146e-01
5.000000000000000278e-02 -3.062683698428835477e+00 -3.003752279667728953e+00 2.916371938702801980e-01 4.893718343990552389e-01
1.000000000000000056e-01 -3.032005672084664205e+00 -3.026140098811195056e+00 2.836214580752533521e-01 4.931759136782696840e-01
1.499999999999999944e-01 -3.057632654557716823e+00 -2.996785580031802176e+00 2.848800132292171883e-01 4.914119951032058786e-01
2.000000000000000111e-01 -3.084698746711934447e+00 -2.965295102670782335e+00 2.874977682922695843e-01 4.916518110331289937e-01
2.500000000000000000e-01 -3.111938448083835684e+00 -2.932379428841897173e+00 2.905146944443467438e-01 4.923473391860032633e-01
5.000000000000000000e-01 -3.253704958051200080e+00 -2.763294082364866178e+00 3.098709106572899441e-01 4.857429129981922222e-01
7.500000000000000000e-01 -3.398099028000822752e+00 -2.579436321118774966e+00 3.351858987143530033e-01 4.605235076325055465e-01
8.000000000000000444e-01 -3.427225432070791555e+00 -2.540967108693980236e+00 3.407268438166692337e-01 4.528493280371527208e-01
8.499999999999999778e-01 -3.456074904407798964e+00 -2.501901768813565408e+00 3.466235354079640896e-01 4.439057560126524193e-01
9.000000000000000222e-01 -3.484559586769660822e+00 -2.462453251118385644e+00 3.523731401259321827e-01 4.341178106968162087e-01
9.499999999999999556e-01 -3.513175277506928929e+00 -2.422417335008791195e+00 3.586871696761794737e-01 4.227782861074939613e-01
1.000000000000000000e+00 -3.541199980231086730e+00 -2.381569008916973651e+00 3.651901957809745580e-01 4.104862784819245936e-01
