0.000000000000000000e+00 0.000000000000000000e+00
3.315225940832233764e-02 1.260431279661133885e-03
6.630451881664467528e-02 5.285130941047100350e-03
9.945677822496701292e-02 1.206579951212916058e-02
1.326090376332893506e-01 2.159264090005308390e-02
1.657612970416116882e-01 3.385381814405263867e-02
3.315225940832233764e-01 1.355759557973215124e-01
4.972838911248350646e-01 3.023460891290596919e-01
5.304361505331574023e-01 3.432084711821516976e-01
5.635884099414797399e-01 3.865183811140013859e-01
5.967406693498020775e-01 4.322622132367541781e-01
6.298929287581244152e-01 4.804218719764321577e-01
6.630451881664467528e-01 5.309931395695457468e-01
