0.000000000000000000e+00 0.000000000000000000e+00
2.317159252836206718e-02 6.953869014978408813e-04
4.634318505672413435e-02 2.044255175860598683e-03
6.951477758508618765e-02 4.045380312163615599e-03
9.268637011344826870e-02 6.696993566947639920e-03
1.158579626418103220e-01 9.997054090490564704e-03
2.317159252836206440e-01 3.618365679176349659e-02
3.475738879254309799e-01 7.848279988684225827e-02
3.707454804537930748e-01 8.888026948443439323e-02
3.939170729821550587e-01 9.992523394976160489e-02
4.170886655105171537e-01 1.116181014549511019e-01
4.402602580388791931e-01 1.239587359395954991e-01
4.634318505672412880e-01 1.369463210667163366e-01
