0.000000000000000000e+00 3.491356545055168681e-03
2.317159252836206718e-02 1.677309672231785953e-03
4.634318505672413435e-02 5.141590881976298988e-04
6.951477758508618765e-02 0.000000000000000000e+00
9.268637011344826870e-02 1.327915506408317015e-04
1.158579626418103220e-01 9.100847164518199861e-04
2.317159252836206440e-01 1.441523035646241624e-02
3.475738879254309799e-01 4.389481861835520249e-02
3.707454804537930748e-01 5.170883947539550718e-02
3.939170729821550587e-01 6.016328024270478636e-02
4.170886655105171537e-01 6.925827697159547824e-02
4.402602580388791931e-01 7.899369361075514462e-02
4.634318505672412880e-01 8.936816958885174245e-02
