0.000000000000000000e+00 6.584310688303958159e-01
2.317159252836206718e-02 6.436672606523643481e-01
4.634318505672413435e-02 6.295992475497769192e-01
6.951477758508618765e-02 6.162777787485538283e-01
9.268637011344826870e-02 6.036635338023188524e-01
1.158579626418103220e-01 5.917695741754869232e-01
2.317159252836206440e-01 5.430949400051758857e-01
3.475738879254309799e-01 5.124658068507415010e-01
3.707454804537930748e-01 5.085160745493340073e-01
3.939170729821550587e-01 5.052939746419724543e-01
4.170886655105171537e-01 5.028004595242236974e-01
4.402602580388791931e-01 5.010359373663959559e-01
4.634318505672412880e-01 5.000000000000000000e-01
